| Radius (cm) | CF<sub>2</sub> | CF | C | CF<sub>3</sub> (x 2) | C<sub>2</sub>F<sub>3</sub> (x 2) | C<sub>2</sub>F<sub>4</sub> (x 2) | F (x 2) | C<sub>2</sub>F<sub>5</sub> (x 2) |
|---|---|---|---|---|---|---|---|---|
| 0 | 6 | 4 | 2 | 1 | 0.5 | 0.5 | 0.5 | 0.5 |
| 1 | 6 | 4 | 2 | 1 | 0.5 | 0.5 | 0.5 | 0.5 |
| 2 | 6 | 4 | 2 | 1 | 0.5 | 0.5 | 0.5 | 0.5 |
| 3 | 6 | 4 | 2 | 1 | 0.5 | 0.5 | 0.5 | 0.5 |
| 4 | 6 | 4 | 2 | 1 | 0.5 | 0.5 | 0.5 | 0.5 |
| 5 | 6 | 4 | 2 | 1 | 0.5 | 0.5 | 0.5 | 0.5 |
| 6 | 6 | 4 | 2 | 1 | 0.5 | 0.5 | 0.5 | 0.5 |

| Radius (cm) | Ar<sup>+</sup> | CF<sub>3</sub><sup>+</sup> | CF<sub>2</sub><sup>+</sup> | CF<sup>+</sup> | C<sub>2</sub>F<sub>4</sub><sup>+</sup> | C<sub>2</sub>F<sub>5</sub><sup>+</sup> + C<sub>3</sub>F<sub>6</sub><sup>+</sup> |
|---|---|---|---|---|---|---|
| 0 | 7 | 3 | 2 | 2 | 1 | 0.5 |
| 1 | 6 | 3 | 2 | 2 | 1 | 0.5 |
| 2 | 5 | 3 | 2 | 2 | 1 | 0.5 |
| 3 | 4 | 3 | 2 | 2 | 1 | 0.5 |
| 4 | 3 | 3 | 2 | 2 | 1 | 0.5 |
| 5 | 2 | 3 | 2 | 2 | 1 | 0.5 |
| 6 | 1 | 3 | 2 | 2 | 1 | 0.5 |